line
0 100 162 0 -100 162
line
0 100 162 162 0 100
line
0 100 162 100 162 0
line
0 100 162 -100 162 0
line
0 100 162 -162 0 100
line
0 -100 -162 -100 -162 0
line
0 -100 -162 100 -162 0
line
0 -100 -162 -162 0 -100
line
0 -100 -162 162 0 -100
line
0 -100 -162 0 100 -162
line
-162 0 100 -100 -162 0
line
-100 -162 0 0 -100 162
line
0 -100 162 100 -162 0
line
100 -162 0 162 0 100
line
162 0 100 162 0 -100
line
162 0 -100 100 162 0
line
100 162 0 0 100 -162
line
0 100 -162 -100 162 0
line
-100 162 0 -162 0 -100
line
-162 0 -100 -162 0 100
line
0 -100 162 -162 0 100
line
-162 0 100 -100 162 0
line
-100 162 0 100 162 0
line
100 162 0 162 0 100
line
162 0 100 0 -100 162
line
-100 -162 0 100 -162 0
line
100 -162 0 162 0 -100
line
162 0 -100 0 100 -162
line
0 100 -162 -162 0 -100
line
-162 0 -100 -100 -162 0
ident
rotate
x 70
rotate
z 20
move
250 250
apply
display
save
icosahedron.png
